1341846313.553992 0.0 0.0 0.0 0.0 0.0 0.0 1.0
1341846313.686156 0.0043072570115327835 -0.0001446836831746623 0.0017201919108629227 -0.0004537939967121929 -0.005986927077174187 0.0029969254974275827 0.9999775290489197
1341846313.822075 0.009519919753074646 0.001518996781669557 0.0027027742471545935 0.0010881202761083841 -0.007879240438342094 0.0026666088961064816 0.9999648332595825
1341846313.957927 0.014019876718521118 0.0031246424186974764 0.003647367935627699 -0.0021864150185137987 0.002330360934138298 0.00473190750926733 0.9999837279319763
1341846314.089801 0.014177734032273293 0.003998965490609407 0.005684056784957647 -0.007893526926636696 0.021127043291926384 0.009065364487469196 0.9997045993804932
1341846314.225969 0.018386589363217354 0.006896170787513256 0.002046769019216299 -0.011710038408637047 0.03386606276035309 0.016457855701446533 0.9992222785949707
1341846314.357905 0.026969723403453827 0.005063870456069708 0.006277557462453842 -0.01544122863560915 0.0372905358672142 0.013873662799596786 0.9990888833999634
1341846314.493987 0.031055206432938576 0.005424113944172859 0.006763068959116936 -0.01278705708682537 0.05105571448802948 0.0034787431359291077 0.9986079335212708
1341846314.626096 0.03151512145996094 0.005973437801003456 0.0036049620248377323 -0.011842885054647923 0.06699148565530777 0.002609875053167343 0.9976798892021179
1341846314.761942 0.03777337074279785 0.002409260720014572 0.0077048493549227715 -0.00781182711943984 0.07415793091058731 0.008346647955477238 0.9971810579299927
1341846314.894072 0.04595369100570679 0.00030631234403699636 0.003727799979969859 -0.005187803879380226 0.08558940887451172 0.013722802512347698 0.9962225556373596
1341846315.029900 0.05610895901918411 0.0017594858072698116 0.002214268082752824 -0.010771458968520164 0.08728300780057907 0.019864073023200035 0.9959273338317871
1341846315.161941 0.05251825973391533 0.004370051436126232 -0.00403328612446785 -0.010565944947302341 0.09348371624946594 0.022498318925499916 0.9953104853630066
1341846315.298000 0.05717078968882561 0.004851164761930704 -0.0002789778809528798 -0.024395041167736053 0.08332495391368866 0.021068111062049866 0.9960010647773743
1341846315.429923 0.06289364397525787 0.0027066960465162992 0.0009940351592376828 -0.01226174458861351 0.0819835364818573 0.030915599316358566 0.9960786700248718
1341846315.566108 0.06593330949544907 0.003306289669126272 -5.999862332828343e-05 -0.012637742795050144 0.09031148254871368 0.03950376436114311 0.9950495362281799
1341846315.698114 0.0679517462849617 0.004331403411924839 -0.004078925587236881 -0.018573075532913208 0.09722855687141418 0.03580254316329956 0.9944444894790649
1341846315.834140 0.06463833898305893 -0.0010138629004359245 0.0010932323057204485 -0.024199379608035088 0.10120528191328049 0.03398605063557625 0.9939903616905212
1341846315.966572 0.05996193364262581 -0.00162878364790231 0.002287665382027626 -0.014597980305552483 0.10788977146148682 0.029918797314167023 0.993605375289917
1341846316.101867 0.054413385689258575 -0.0018541057361289859 0.0001043611264321953 -0.007423232775181532 0.10776600241661072 0.02919822558760643 0.993719756603241
1341846316.233979 0.04892880842089653 -0.0034558288753032684 0.001660282607190311 -0.00853479653596878 0.10067776590585709 0.02235165424644947 0.9946314096450806
1341846316.370006 0.04255609214305878 -0.0054283649660646915 0.0030152888502925634 -0.007133479230105877 0.10287383198738098 0.02002294547855854 0.9944673180580139
1341846316.502034 0.03361617028713226 -0.002250229474157095 0.0018975178245455027 0.005487521644681692 0.10250627994537354 0.028707407414913177 0.9943029284477234
1341846316.638009 0.028897343203425407 -0.005021614953875542 0.004314773716032505 0.0056811110116541386 0.09793960303068161 0.023671448230743408 0.9948946237564087
1341846316.770433 0.024203447625041008 -0.004176456015557051 0.0005844048573635519 0.014279256574809551 0.09541357308626175 0.02723095566034317 0.9949628114700317
1341846316.906344 0.014236967079341412 -0.006873561535030603 0.0015888839261606336 0.015770740807056427 0.0923035517334938 0.028229545801877975 0.9952057003974915
1341846317.037936 0.009532339870929718 -0.007126918062567711 0.0034197289496660233 0.014505921863019466 0.08392515778541565 0.025557052344083786 0.9960386753082275
1341846317.173970 0.0009043809841386974 -0.007036194205284119 0.0035361608024686575 0.022856108844280243 0.07065609842538834 0.03723359480500221 0.9965435862541199
1341846317.306289 -0.0046945130452513695 -0.007511964533478022 0.0033109530340880156 0.02578716352581978 0.06058689206838608 0.043268606066703796 0.99689120054245
1341846317.442569 -0.012413332238793373 -0.009559238329529762 0.004777802620083094 0.03006003424525261 0.06421399116516113 0.050797417759895325 0.9961890578269958
1341846317.573943 -0.017566721886396408 -0.007701915688812733 0.00345432385802269 0.038478266447782516 0.06189747154712677 0.0557054728269577 0.9957836270332336
1341846317.709996 -0.02238774485886097 -0.007041985169053078 0.00611178670078516 0.04794956371188164 0.05754895508289337 0.0618496835231781 0.9952706694602966
1341846317.841886 -0.02207479625940323 -0.005696521140635014 0.0076881456188857555 0.04616823419928551 0.04943065345287323 0.06107337027788162 0.9958389401435852
1341846317.978041 -0.0212244875729084 -0.006448717322200537 0.01355980709195137 0.045993201434612274 0.04585539922118187 0.05603642761707306 0.9963141679763794
1341846318.109894 -0.036135975271463394 -0.007369235623627901 0.008554653264582157 0.045924872159957886 0.04761837050318718 0.045771967619657516 0.9967589378356934
1341846318.245970 -0.040090106427669525 -0.009321113117039204 0.010857977904379368 0.04729780554771423 0.039221618324518204 0.03996895253658295 0.9973099827766418
1341846318.382046 -0.04537983611226082 -0.009608082473278046 0.009090184234082699 0.056225281208753586 0.012674221768975258 0.03819526359438896 0.9976067543029785
1341846318.514144 -0.049343954771757126 -0.008994631469249725 0.010534606873989105 0.06217482313513756 -0.003663584589958191 0.03913038223981857 0.9972911477088928
1341846318.650038 -0.051317982375621796 -0.00867049116641283 0.010865403339266777 0.06434932351112366 -0.0069409762509167194 0.0360172763466835 0.9972530603408813
1341846318.782036 -0.060398634523153305 -0.008398793637752533 0.011784728616476059 0.06649243086576462 -0.0068893046118319035 0.03630294278264046 0.9971025586128235
1341846318.918047 -0.07118451595306396 -0.009734811261296272 0.009549882262945175 0.07187120616436005 -0.03508409112691879 0.028841938823461533 0.9963793754577637
1341846319.050745 -0.07298458367586136 -0.010386764071881771 0.012331094592809677 0.07632806152105331 -0.06145511940121651 0.022141385823488235 0.9949407577514648
1341846319.186069 -0.07353328168392181 -0.005680319853127003 0.011614816263318062 0.08981409668922424 -0.06795742362737656 0.03358844667673111 0.9930694699287415
1341846319.318034 -0.07975059002637863 -0.0061680772341787815 0.015199298039078712 0.07932594418525696 -0.05161743238568306 0.03889687359333038 0.9947513341903687
1341846319.453961 -0.078704833984375 -0.008783355355262756 0.006796154193580151 0.08201181888580322 -0.06363414973020554 0.04823494330048561 0.9934275150299072
1341846319.586296 -0.08529294282197952 -0.009938115254044533 0.005553222261369228 0.0755445808172226 -0.06813286989927292 0.04201304167509079 0.9939244389533997
1341846319.721992 -0.08963590115308762 -0.010321108624339104 0.0027305809780955315 0.0753846988081932 -0.08379104733467102 0.040944404900074005 0.9927839040756226
1341846319.853917 -0.09342368692159653 -0.009035441093146801 0.005366737022995949 0.0603441521525383 -0.08787417411804199 0.05477294325828552 0.9927923679351807
1341846319.990054 -0.09487343579530716 -0.011301839724183083 0.007968387566506863 0.05985606089234352 -0.10235538333654404 0.04990893229842186 0.9916903376579285
1341846320.122011 -0.09111332148313522 -0.008771861903369427 0.009946447797119617 0.0689643919467926 -0.11273522675037384 0.04941423609852791 0.9899964928627014
1341846320.258015 -0.08664406090974808 -0.011212618090212345 0.01270369254052639 0.07941346615552902 -0.10289058089256287 0.05260545760393143 0.9901211261749268
1341846320.390064 -0.07614973187446594 -0.009836333803832531 0.010017081163823605 0.10085321217775345 -0.10266862064599991 0.051568880677223206 0.9882451295852661
1341846320.525911 -0.06892859935760498 -0.010175582952797413 0.010059149004518986 0.11141219735145569 -0.07455023378133774 0.04298047721385956 0.9900415539741516
1341846320.664916 -0.06351003795862198 -0.009272837080061436 0.00919562578201294 0.11642169952392578 -0.05738815665245056 0.03304280713200569 0.9909898042678833
1341846320.799999 -0.05771850794553757 -0.009525878354907036 0.006127526983618736 0.10810425132513046 -0.04673035815358162 0.02498944103717804 0.9927261471748352
1341846320.931889 -0.05236255005002022 -0.011239241808652878 0.006281191483139992 0.10264337062835693 -0.03259171545505524 0.025437340140342712 0.9938586354255676
1341846321.068047 -0.047791726887226105 -0.009042471647262573 0.002559927524998784 0.09440382570028305 -0.022691210731863976 0.01585346646606922 0.9951490759849548
1341846321.200042 -0.041075270622968674 -0.00919930450618267 0.003759372513741255 0.09567195922136307 -0.014625601470470428 0.0176176056265831 0.995149552822113
1341846321.331858 -0.034739989787340164 -0.010822504758834839 0.004307364113628864 0.0934976115822792 -0.005162826273590326 0.0018670378485694528 0.995604395866394
1341846321.467946 -0.02745942771434784 -0.01079597044736147 0.005807807203382254 0.1005263477563858 0.0071419598534703255 -0.004670744761824608 0.9948977828025818
1341846321.603938 -0.022515352815389633 -0.00938128586858511 0.0036151488311588764 0.09539168328046799 0.023826394230127335 -0.01036034431308508 0.9951006770133972
1341846321.736861 -0.01812599040567875 -0.008150520734488964 0.005204519722610712 0.08506065607070923 0.035724859684705734 0.006782901473343372 0.9957120418548584
1341846321.871882 -0.01365648116916418 -0.004777036607265472 0.002927483292296529 0.07100574672222137 0.0412452332675457 0.012783205136656761 0.996540904045105
1341846322.034203 -0.009644878096878529 -0.007163697853684425 0.006187369115650654 0.051611609756946564 0.043952301144599915 0.007393729407340288 0.9976722002029419
1341846322.166164 -0.011580847203731537 -0.013495415449142456 0.010015808045864105 0.04895634576678276 0.05068805441260338 0.003131300210952759 0.9975090622901917
1341846322.301996 -0.009890967980027199 -0.019192514941096306 0.008135564625263214 0.04408610984683037 0.0422699972987175 0.00310719246044755 0.9981282949447632
1341846322.433955 -0.009422806091606617 -0.031214606016874313 0.009795451536774635 0.04823644459247589 0.03776135295629501 -0.008980298414826393 0.9980815649032593
1341846322.570196 -0.007279891520738602 -0.03878787159919739 0.009605364874005318 0.08075389266014099 0.029200632125139236 -0.000640184385702014 0.9963061213493347
1341846322.702026 -0.006224045529961586 -0.04522375762462616 0.008561639115214348 0.09850601851940155 0.027404678985476494 0.0026608153712004423 0.9947555065155029
1341846322.838063 -0.005054396111518145 -0.05244772136211395 0.009359239600598812 0.10380887985229492 0.020069433376193047 0.009241809137165546 0.9943518042564392
1341846322.970069 -0.00168587826192379 -0.055589135736227036 0.01066779624670744 0.1060115396976471 0.01326744444668293 0.013533907942473888 0.9941842555999756
1341846323.105962 -0.00020053829939570278 -0.06032180041074753 0.012860061600804329 0.09750320762395859 0.012943564914166927 0.018775571137666702 0.9949739575386047
1341846323.238053 0.0008061167900450528 -0.06330201774835587 0.013104420155286789 0.08999446779489517 0.01487497054040432 0.010051934979856014 0.9957805275917053
1341846323.374048 -0.002508768578991294 -0.06475331634283066 0.012667972594499588 0.08064869046211243 0.01798923872411251 0.011877886019647121 0.9965095520019531
1341846323.506129 -0.0006082876934669912 -0.07011674344539642 0.011820690706372261 0.08763489872217178 0.010463027283549309 0.015444633550941944 0.995978057384491
1341846323.642014 -0.0007071055588312447 -0.07558842748403549 0.012569115497171879 0.08374219387769699 0.022021951153874397 0.004942535422742367 0.9962318539619446
1341846323.774928 -0.0006566319498233497 -0.08211705833673477 0.011364524252712727 0.09213601052761078 0.014969265088438988 0.010129050351679325 0.9955824613571167
1341846323.909826 -0.00094386882847175 -0.0870303213596344 0.011908494867384434 0.09862682968378067 0.011252698488533497 -0.008012712933123112 0.9950286746025085
1341846324.047722 -0.00018695440667215735 -0.0864165723323822 0.01065103244036436 0.1123172864317894 0.007432152982801199 -0.007048879284411669 0.9936196208000183
1341846324.183941 -0.0007754533435218036 -0.08193295449018478 0.007700780406594276 0.10729645937681198 0.017752952873706818 -0.017168140038847923 0.9939203858375549
1341846324.319880 -0.0038993351627141237 -0.0766327828168869 0.008883870206773281 0.10239873081445694 0.016489308327436447 -0.01821758970618248 0.994439959526062
1341846324.452027 -0.0025512813590466976 -0.06888384371995926 0.010606639087200165 0.08645991235971451 0.015277665108442307 -0.026327356696128845 0.9957902431488037
1341846324.587888 -0.0041910214349627495 -0.06000375747680664 0.009414213709533215 0.07954485714435577 0.005336381494998932 -0.012624172493815422 0.9967370629310608
1341846324.755922 -0.00677848607301712 -0.04946895316243172 0.010908858850598335 0.07823691517114639 -0.00017834668688010424 -0.012014257721602917 0.9968624114990234
1341846324.881924 -0.006102005019783974 -0.0411665216088295 0.014209490269422531 0.0650586262345314 -0.004381988663226366 -0.016598878428339958 0.9977337718009949
1341846325.018013 -0.0075971027836203575 -0.0378975048661232 0.01444732490926981 0.0723365992307663 -0.013323652558028698 -0.004703950602561235 0.9972801804542542
1341846325.149933 -0.007115650922060013 -0.0256463922560215 0.013389578089118004 0.06602488458156586 -0.021896883845329285 -0.012079449370503426 0.9975046515464783
1341846325.285925 -0.008084459230303764 -0.019980719313025475 0.014094145968556404 0.0565347820520401 -0.02110317535698414 0.0010585482232272625 0.9981770515441895
1341846325.417931 -0.0048888009041547775 -0.019119128584861755 0.01783745549619198 0.06350968033075333 -0.006864434573799372 0.010059875436127186 0.9979069232940674
1341846325.553859 -0.006392509210854769 -0.021101929247379303 0.016924651339650154 0.0804431214928627 0.014101707376539707 0.015466640703380108 0.9965394139289856
1341846325.685819 -0.007968747057020664 -0.01039583794772625 0.020346488803625107 0.08452887833118439 0.022175950929522514 0.011239558458328247 0.9961107969284058
1341846325.821856 -0.009269095957279205 3.556327646947466e-05 0.018635578453540802 0.10437202453613281 0.02606009691953659 0.025309372693300247 0.9938746690750122
1341846325.953899 -0.00816261861473322 0.006312989629805088 0.021244309842586517 0.10889904201030731 0.019683029502630234 0.040638744831085205 0.9930267333984375
1341846326.089984 -0.008864774368703365 0.017253264784812927 0.02163609117269516 0.12371877580881119 0.024240002036094666 0.05248086526989937 0.9906321167945862
1341846326.222162 -0.01234038732945919 0.02620280347764492 0.02302253246307373 0.12718558311462402 0.02970193885266781 0.056811075657606125 0.9898051619529724
1341846326.359773 -0.01074970792979002 0.03524123132228851 0.02808993309736252 0.11488839983940125 0.027780886739492416 0.057293493300676346 0.9913356900215149
1341846326.491143 -0.009737812913954258 0.035975731909275055 0.029994959011673927 0.11762761324644089 0.02618977427482605 0.06600925326347351 0.9905153512954712
1341846326.627027 -0.009979760274291039 0.04326288402080536 0.031674232333898544 0.10738725960254669 0.036846306174993515 0.06519255042076111 0.9913931488990784
1341846326.762753 -0.009959302842617035 0.056884765625 0.03143906965851784 0.09206951409578323 0.04814222827553749 0.058315638452768326 0.9928770661354065
1341846326.895360 -0.011172925122082233 0.06342334300279617 0.03579699620604515 0.0675743818283081 0.05485760420560837 0.05636444687843323 0.9946091771125793
1341846327.026301 -0.009846816770732403 0.07335726916790009 0.035660676658153534 0.07168437540531158 0.05014769732952118 0.06153271347284317 0.994263768196106
1341846327.161940 -0.008706176653504372 0.08631575852632523 0.03828488662838936 0.07092148810625076 0.0522572323679924 0.05563243851065636 0.9945573806762695
1341846327.294023 -0.002156043192371726 0.09320924431085587 0.04225872457027435 0.07302022725343704 0.06972543895244598 0.043228279799222946 0.9939505457878113
1341846327.429966 -0.01382989902049303 0.10469432175159454 0.029794199392199516 0.06530596315860748 0.09361844509840012 0.02508958987891674 0.9931471347808838
1341846327.561895 -0.009500313550233841 0.11624005436897278 0.04612978920340538 0.054728589951992035 0.0845828428864479 0.03249875456094742 0.9943814873695374
1341846327.697919 -0.009031678549945354 0.12516361474990845 0.043877601623535156 0.05874796584248543 0.07136037945747375 0.0335867740213871 0.995152473449707
1341846327.830054 -0.009719968773424625 0.13838283717632294 0.04792410507798195 0.04095373675227165 0.07000003755092621 0.03722768276929855 0.9960104823112488
1341846327.966065 -0.01039073709398508 0.14790499210357666 0.049380868673324585 0.02714092843234539 0.0716686025261879 0.0339115709066391 0.9964823722839355
1341846328.098045 -0.01054405327886343 0.1444678008556366 0.05056936293840408 0.00457962928339839 0.07490281015634537 0.03307848051190376 0.9966315627098083
1341846328.234044 -0.011992049403488636 0.13850225508213043 0.048775676637887955 0.008506085723638535 0.06742681562900543 0.033437129110097885 0.9971275329589844
1341846328.366008 -0.010185569524765015 0.11628902703523636 0.047941967844963074 0.014433314092457294 0.06347572803497314 0.033921848982572556 0.9973022937774658
1341846328.502194 -0.006878796499222517 0.10251712054014206 0.04340982437133789 0.03250044956803322 0.06278638541698456 0.021173838526010513 0.9972729086875916
1341846328.636433 -0.010183238424360752 0.07694590836763382 0.04076240211725235 0.038746751844882965 0.05543253570795059 0.021730409935116768 0.9974737167358398
1341846328.770129 -0.01358596608042717 0.06835271418094635 0.0394744873046875 0.05813389644026756 0.04854467511177063 0.013651486486196518 0.9970344305038452
1341846328.904486 -0.004795871675014496 0.04490762576460838 0.036488309502601624 0.045367710292339325 0.03236818686127663 0.011610100977122784 0.998378336429596
1341846329.038243 -0.00015483172319363803 0.03106267750263214 0.03377630561590195 0.054713837802410126 0.022628944367170334 0.02006407640874386 0.998043954372406
1341846329.169991 0.0007476770551875234 0.026695653796195984 0.030324378982186317 0.061179015785455704 0.019745448604226112 0.015438900329172611 0.997812032699585
1341846329.306052 0.0018954687984660268 0.017948871478438377 0.028408482670783997 0.056144487112760544 0.014380380511283875 0.014559498056769371 0.9982129335403442
1341846329.442057 0.005203979555517435 0.008478304371237755 0.02748316153883934 0.04742744192481041 0.007835475727915764 0.005440703593194485 0.9988291263580322
1341846329.574086 0.0035938185174018145 -0.006023600231856108 0.02614367939531803 0.0420643575489521 0.00027069938369095325 -0.003957854118198156 0.9991070032119751
1341846329.748113 0.002889780793339014 -0.0034840425942093134 0.022750267758965492 0.05011716112494469 -0.003686184762045741 -0.0081420186907053 0.9987033605575562
1341846329.874044 0.0010595065541565418 -0.010474641807377338 0.02279057726264 0.05090750381350517 0.000690843618940562 0.0026013124734163284 0.9986997842788696
1341846330.016305 0.00176025100518018 -0.013057547621428967 0.021337691694498062 0.047108933329582214 0.0004737717972602695 0.00879812240600586 0.99885094165802
1341846330.147839 -0.000394438742659986 -0.014551924541592598 0.020098555833101273 0.044924456626176834 0.004083575680851936 0.015399894677102566 0.9988633990287781
1341846330.283913 -0.001596498885191977 -0.01792016252875328 0.018066247925162315 0.026810646057128906 0.0049681696109473705 0.018758274614810944 0.9994521737098694
1341846330.415934 -0.0012301900424063206 -0.02437353879213333 0.02078939601778984 0.014462451450526714 0.002644181251525879 0.015025527216494083 0.9997789859771729
1341846330.552099 -0.0036134948022663593 -0.022463936358690262 0.018728619441390038 0.020013535395264626 -0.0018845385638996959 0.021836034953594208 0.9995595216751099
1341846330.683796 -0.005765689071267843 -0.026870040223002434 0.01561209000647068 0.0013541558291763067 -0.003855491057038307 0.02013983018696308 0.9997888207435608
1341846330.819823 -0.008772123605012894 -0.028874490410089493 0.014103987254202366 0.0005234067211858928 -0.017939619719982147 0.029354285448789597 0.999407947063446
1341846330.949903 -0.010726504027843475 -0.02820471301674843 0.012468566186726093 -0.012087058275938034 -0.022932061925530434 0.030005618929862976 0.9992135763168335
1341846331.114334 -0.012972956523299217 -0.03107624314725399 0.010206391103565693 -0.01267907116562128 -0.035942766815423965 0.028321439400315285 0.9988720417022705
1341846331.249914 -0.012368370778858662 -0.032147366553545 0.010511363856494427 -0.011904536746442318 -0.04193860664963722 0.02458864264190197 0.9987466931343079
1341846331.382003 -0.0032339952886104584 -0.037671077996492386 0.013507090508937836 -0.002517432440072298 -0.0255223847925663 0.01567528210580349 0.9995482563972473
1341846331.518344 -0.007234381046146154 -0.029392067342996597 0.012273715808987617 0.009243542328476906 -0.007077270187437534 0.016017524525523186 0.9998040199279785
1341846331.654027 -0.003925653640180826 -0.027845490723848343 0.021218014881014824 0.014180997386574745 0.000532184902112931 0.016248665750026703 0.9997673034667969
1341846331.785920 -0.0036996251437813044 -0.024976450949907303 0.027486609295010567 0.015165028162300587 0.005357477348297834 0.015297997742891312 0.9997537136077881
1341846331.922014 -0.004663475789129734 -0.02440738119184971 0.03587620332837105 0.018208403140306473 0.014480900950729847 0.011192338541150093 0.999666690826416
1341846332.054175 -0.00487555144354701 -0.024966618046164513 0.048440121114254 0.03331417962908745 0.027862176299095154 0.014857235364615917 0.9989460706710815
1341846332.190165 -0.00662625627592206 -0.01905358023941517 0.05931342765688896 0.030444087460637093 0.028235744684934616 0.010351687669754028 0.9990839958190918
1341846332.322172 -0.0101632634177804 -0.022071273997426033 0.07262525707483292 0.03266998380422592 0.030536605045199394 0.012645361013710499 0.9989196062088013
1341846332.458114 -0.005941386800259352 -0.017143217846751213 0.08257526159286499 0.037009451538324356 0.039496686309576035 -0.0006944509805180132 0.9985338449478149
1341846332.589874 -0.009749427437782288 -0.005225574132055044 0.08918843418359756 0.04351349174976349 0.03206396847963333 0.01712627336382866 0.998391330242157
1341846332.726000 -0.005707475822418928 -0.009013213217258453 0.0996885746717453 0.029794994741678238 0.030772380530834198 0.023667670786380768 0.9988019466400146
1341846332.857898 0.0016815242124721408 -0.007130433805286884 0.10897974669933319 0.02823406457901001 0.03002198226749897 0.02156679704785347 0.9989176392555237
1341846332.994073 0.005266915075480938 0.0010882322676479816 0.11649049818515778 0.021646233275532722 0.03311033919453621 0.014472203329205513 0.9991125464439392
1341846333.126095 0.010626100935041904 0.0011750555131584406 0.12489930540323257 0.01860206201672554 0.0387745276093483 0.018718257546424866 0.9988994598388672
1341846333.262056 0.009923787787556648 0.006324593909084797 0.12902411818504333 0.011610358953475952 0.04648134484887123 0.01807674951851368 0.9986881613731384
1341846333.394119 0.009332048706710339 0.006835946347564459 0.1330384910106659 0.0005308193503879011 0.04482586681842804 0.014173230156302452 0.9988941550254822
1341846333.529953 0.011249489150941372 0.0064123584888875484 0.1348603069782257 0.0007751689990982413 0.045085567981004715 0.010897794738411903 0.9989233613014221
1341846333.662127 0.010542821139097214 0.011147657409310341 0.1336052268743515 -0.003379502799361944 0.043035052716732025 0.012063850648701191 0.9989950656890869
1341846333.798006 0.01169597078114748 0.007257586810737848 0.13268597424030304 -0.0014786793617531657 0.043867502361536026 0.01536470465362072 0.9989181756973267
1341846333.930099 0.0009925244376063347 0.0032396777532994747 0.12892954051494598 0.0041725425980985165 0.053039636462926865 0.009545983746647835 0.998538076877594
1341846334.066000 0.00552320946007967 -0.0010343414032831788 0.12142404913902283 0.011066730134189129 0.05146929249167442 0.01270246971398592 0.9985324740409851
1341846334.198072 0.002560540335252881 -0.0031679063104093075 0.11593914777040482 0.013297827914357185 0.05017414689064026 0.01276066992431879 0.9985705018043518
1341846334.334036 -0.0029309019446372986 -0.0031804072204977274 0.10926255583763123 0.015512838959693909 0.05075670778751373 0.013505600392818451 0.9984992146492004
1341846334.466105 -0.006485655438154936 -0.0031629367731511593 0.10115654021501541 0.014948839321732521 0.04883774742484093 0.012807151302695274 0.9986127614974976
1341846334.602351 -0.014425018802285194 -0.004353312775492668 0.09190899133682251 0.006415036041289568 0.04526843503117561 0.006539188791066408 0.9989328384399414
1341846334.734751 -0.016552191227674484 -0.005675610154867172 0.08777724206447601 0.00011560427083168179 0.03734542056918144 0.0037836397532373667 0.9992952942848206
1341846334.869874 -0.01675177551805973 -0.007157411426305771 0.07524213939905167 -0.0036560194566845894 0.029481315985322 0.006473857443779707 0.9995377063751221
1341846335.002203 -0.01561830472201109 -0.013413731940090656 0.06946180015802383 -0.00778212258592248 0.022843878716230392 0.010182364843785763 0.9996569752693176
1341846335.138045 -0.022216208279132843 -0.015630308538675308 0.05922990292310715 -0.004189654719084501 0.021336888894438744 0.008940509520471096 0.9997236728668213
1341846335.269948 -0.02461276575922966 -0.019823428243398666 0.050816066563129425 -0.005602986551821232 0.019362783059477806 0.0037586167454719543 0.9997897744178772
1341846335.406025 -0.025711284950375557 -0.01601492613554001 0.04130563512444496 0.013228781521320343 0.020953258499503136 0.006556965410709381 0.999671459197998
1341846335.538040 -0.02539362572133541 -0.008178371004760265 0.03501250594854355 0.024379247799515724 0.027317877858877182 0.004021886736154556 0.9993214011192322
1341846335.673993 -0.029293689876794815 -0.008290976285934448 0.026651788502931595 0.021620672196149826 0.029196087270975113 0.00010261697025271133 0.9993398785591125
1341846335.806271 -0.03311232477426529 -0.008173132315278053 0.014654088765382767 0.019161831587553024 0.028900127857923508 0.00017476950597483665 0.9993986487388611
1341846335.941936 -0.035901542752981186 -0.009947549551725388 0.006411754991859198 0.016200874000787735 0.029467515647411346 0.002581692533567548 0.9994311928749084
1341846336.078076 -0.03846856951713562 -0.01107970904558897 -0.0013517364859580994 0.01419364009052515 0.025463903322815895 -0.00021389844187069684 0.9995750188827515
1341846336.210112 -0.04113968089222908 -0.00960472971200943 -0.009901613928377628 0.013105170801281929 0.02111743576824665 0.0011181202717125416 0.9996905326843262
1341846336.346143 -0.04430382698774338 -0.0103202098980546 -0.015346953645348549 0.017365362495183945 0.019038312137126923 0.005332097411155701 0.9996537566184998
1341846336.477990 -0.04519571736454964 -0.009424678981304169 -0.022974036633968353 0.017884640023112297 0.01950831338763237 0.004350027535110712 0.9996402859687805
1341846336.614020 -0.04621344432234764 -0.00830899365246296 -0.029654905200004578 0.018819650635123253 0.020219463855028152 0.00731685059145093 0.9995917081832886
1341846336.746016 -0.049751587212085724 -0.012431860901415348 -0.03750692307949066 0.01941937766969204 0.015274770557880402 0.011180538684129715 0.9996322989463806
1341846336.882056 -0.052337415516376495 -0.009164205752313137 -0.04017385095357895 0.026807114481925964 0.006273449398577213 0.014556476846337318 0.9995149970054626
1341846337.014238 -0.052243661135435104 -0.006919515319168568 -0.048482224345207214 0.03549949452280998 -0.011244901455938816 0.014085306786000729 0.9992071986198425
1341846337.150037 -0.04767530784010887 -0.004787928890436888 -0.046310439705848694 0.029716528952121735 -0.0186455138027668 0.0059395660646259785 0.9993667602539062
1341846337.282028 -0.05054440721869469 -0.005813670810312033 -0.05036564916372299 0.02517462894320488 -0.022194845601916313 0.006133500952273607 0.9994178414344788
1341846337.417941 -0.05088529363274574 -0.008523764088749886 -0.05308564379811287 0.020479664206504822 -0.022140687331557274 0.005488024093210697 0.9995300769805908
1341846337.549978 -0.05171004682779312 -0.007533508352935314 -0.057601165026426315 0.020584050565958023 -0.025059562176465988 0.005354397930204868 0.9994597434997559
1341846337.686352 -0.051251307129859924 -0.007673109881579876 -0.056996505707502365 0.019764849916100502 -0.026070402935147285 0.004957836586982012 0.9994524121284485
1341846337.817945 -0.04957710951566696 -0.0066116503439843655 -0.05160185322165489 0.012849627994000912 -0.0188650730997324 0.0055107539519667625 0.9997243285179138
1341846337.954120 -0.048768673092126846 -0.004871407523751259 -0.049404751509428024 0.0023035313934087753 -0.010653822682797909 0.00037311893538571894 0.9999405741691589
1341846338.085986 -0.044994156807661057 -0.002145367907360196 -0.042379893362522125 -0.00887920893728733 -0.004043318796902895 0.0007354883709922433 0.9999521374702454
1341846338.222071 -0.04136807844042778 -0.00045116557157598436 -0.03449184447526932 -0.013023808598518372 -0.0014323423383757472 0.007609331049025059 0.9998852610588074
1341846338.354022 -0.04047588258981705 -0.0006585419178009033 -0.025925355032086372 -0.014925281517207623 0.0021256334148347378 0.011909944005310535 0.9998154640197754
1341846338.489894 -0.03863183781504631 0.0012988935923203826 -0.016591770574450493 -0.01955089159309864 0.002321034437045455 0.011950929649174213 0.9997347593307495
1341846338.622019 -0.03543643653392792 0.0015233344165608287 -0.007020612247288227 -0.020977426320314407 0.002567398129031062 0.011996619403362274 0.9997047185897827
1341846338.757945 -0.03538550063967705 0.0038410585839301348 -0.0015052545350044966 -0.022711660712957382 0.0031310105696320534 0.014926297590136528 0.9996257424354553
1341846338.889902 -0.031314365565776825 0.005617137998342514 0.011318127624690533 -0.026967853307724 0.0016489687841385603 0.01276030670851469 0.9995535016059875
1341846339.025928 -0.02597297541797161 0.005463012494146824 0.02481127716600895 -0.025081221014261246 0.0038086336571723223 0.012176012620329857 0.9996040463447571
1341846339.157969 -0.02442229352891445 0.009276005439460278 0.032595403492450714 -0.02836100198328495 0.00794991198927164 0.00943661667406559 0.9995216131210327
1341846339.294132 -0.021936828270554543 0.01188038382679224 0.04112108796834946 -0.0358661450445652 0.009436876513063908 0.014818432740867138 0.9992021918296814
1341846339.426160 -0.019132515415549278 0.0122045474126935 0.048981983214616776 -0.04774542897939682 0.006922882981598377 0.016977110877633095 0.9986912608146667
1341846339.562052 -0.013285532593727112 0.011790198273956776 0.05966242775321007 -0.045194484293460846 0.011527122929692268 0.01561509445309639 0.9987896680831909
1341846339.698896 -0.006581547204405069 0.012569764629006386 0.06840874254703522 -0.04139623045921326 0.017602549865841866 0.010147828608751297 0.9989362359046936
1341846339.830245 -0.002651778981089592 0.013112531043589115 0.07700234651565552 -0.04052659869194031 0.018405387178063393 0.009874477051198483 0.9989601373672485
1341846339.961960 0.0002937384124379605 0.012839796021580696 0.08529140055179596 -0.04039415344595909 0.020115217193961143 0.011778918094933033 0.9989119172096252
1341846340.098009 0.002968249376863241 0.012088191695511341 0.0903986468911171 -0.03615201264619827 0.02596278488636017 0.014897637069225311 0.9988979697227478
1341846340.229904 0.0038918727077543736 0.012570235878229141 0.09804327040910721 -0.036288801580667496 0.03140244260430336 0.010703242383897305 0.9987905621528625
1341846340.366064 0.009065729565918446 0.012976017780601978 0.10666941851377487 -0.03672812506556511 0.029980648308992386 0.012774932198226452 0.9987938404083252
1341846340.501858 0.012176405638456345 0.012881500646471977 0.10934459418058395 -0.03286728262901306 0.024154730141162872 0.014104138128459454 0.9990682601928711
1341846340.634005 0.016187578439712524 0.01313590258359909 0.10741353780031204 -0.027897078543901443 0.020166464149951935 0.013703013770282269 0.9993134140968323
1341846340.770081 0.02026689425110817 0.012524448335170746 0.10505674034357071 -0.02648869901895523 0.021785404533147812 0.004389065783470869 0.9994021058082581
1341846340.901955 0.01851138100028038 0.013118616305291653 0.10482458770275116 -0.026304665952920914 0.026645731180906296 -0.006243352312594652 0.9992793202400208
1341846341.037923 0.019960639998316765 0.014625024050474167 0.10227786749601364 -0.019504057243466377 0.0162164568901062 0.008715054951608181 0.9996402859687805
1341846341.170048 0.020337902009487152 0.014251765795052052 0.10163354873657227 -0.018504373729228973 0.011726717464625835 0.010362006723880768 0.9997063875198364
1341846341.306107 0.02045544795691967 0.013403616845607758 0.09963441640138626 -0.014142602682113647 0.011318853124976158 0.011804366484284401 0.9997662901878357
1341846341.438113 0.019473081454634666 0.012009325437247753 0.09989705681800842 -0.012281695380806923 0.01162724755704403 0.0074613881297409534 0.999829113483429
1341846341.574016 0.01771576516330242 0.01226013246923685 0.09725279361009598 -0.009637663140892982 0.009263142943382263 0.005818171426653862 0.9998937249183655
1341846341.712332 0.016935471445322037 0.013213255442678928 0.09510686993598938 -0.009375176392495632 0.003808847162872553 0.009593138471245766 0.9999027848243713
1341846341.842595 0.018992554396390915 0.011327357031404972 0.09505011886358261 -0.006757937837392092 -0.0001529590372228995 0.01862449012696743 0.9998037815093994
1341846341.974775 0.021041005849838257 0.010734508745372295 0.09269095957279205 0.003765849629417062 -0.0022723376750946045 0.026163535192608833 0.9996480345726013
1341846342.112265 0.02129221521317959 0.008326307870447636 0.09126442670822144 0.007491010706871748 -0.0014221870806068182 0.03114171326160431 0.999485969543457
1341846342.247920 0.025551535189151764 0.007302595768123865 0.0899241641163826 0.01414704043418169 -0.0035869900602847338 0.03194889798760414 0.9993829727172852
1341846342.379953 0.02598223090171814 0.007803845219314098 0.08936789631843567 0.01772305555641651 -0.0022005727514624596 0.03334873169660568 0.9992842674255371
